#  (0) Emulator coord x, 		(1) Emulator coord y, 		(2) runtime [cpu-hours], 		(3) batch number, 		(4) fmin,		(5) fmax,		(6) rho0 [cm^-3], 		(7) T_AGN [K]
2.9353e-01 2.9353e-01 1.2781e+03 0 4.4797e-02 4.4797e-01 1.4588e+00 6.2820e+07
6.2686e-01 1.5365e-01 1.3340e+03 0 9.6512e-01 9.6512e+00 1.4588e+00 1.7320e+07
9.6020e-01 4.8603e-02 4.2807e+02 0 2.0793e+01 2.0793e+02 1.4588e+00 6.5824e+06
1.5365e-01 6.2686e-01 1.0964e+03 0 1.2351e-02 1.2351e-01 1.4588e+00 1.3534e+09
4.8698e-01 4.8698e-01 1.3331e+03 0 2.6610e-01 2.6610e+00 1.4588e+00 3.7316e+08
8.2031e-01 3.8194e-01 5.2787e+02 0 5.7329e+00 5.7329e+01 1.4588e+00 1.4181e+08
4.8603e-02 9.6020e-01 1.0721e+03 0 4.6939e-03 4.6939e-02 1.4588e+00 2.9158e+10
3.8194e-01 8.2031e-01 9.6480e+02 0 1.0113e-01 1.0113e+00 1.4588e+00 8.0394e+09
7.1527e-01 7.1527e-01 7.7594e+02 0 2.1787e+00 2.1787e+01 1.4588e+00 3.0553e+09
4.7567e-01 9.6173e-01 8.5401e+02 1 2.3978e-01 2.3978e+00 1.4588e+00 2.9572e+10
9.7622e-01 8.0514e-01 4.1895e+02 1 2.4100e+01 2.4100e+02 1.4588e+00 6.9911e+09
1.0000e+00 1.4589e-01 4.2554e+02 1 3.0000e+01 3.0000e+02 1.4588e+00 1.6125e+07
9.3019e-01 4.9801e-01 4.3268e+02 1 1.5772e+01 1.5772e+02 1.4588e+00 4.1306e+08
8.7289e-01 9.9085e-01 4.6406e+02 1 9.3047e+00 9.3047e+01 1.4588e+00 3.8670e+10
3.7872e-01 0.0000e+00 1.5720e+03 1 9.8178e-02 9.8178e-01 1.4588e+00 4.2070e+06
5.0000e-02 4.0000e-02 1.5143e+03 -1 4.7547e-03 4.7547e-02 1.4588e+00 6.0810e+06
